&general_param
datadir = "_DATADIR_",
prefix = "_PREFIX_",
colorlog = .true.,
model = "arp",
nl = 106,
levs = 1,2,3,4,5,6,7,8,9,10,11,12,13,14,15,16,17,18,19,20,21,22,23,24,25,26,27,28,29,30,31,32,33,34,35,36,37,38,39,40,41,42,43,44,45,46,47,48,49,50,51,52,53,54,55,56,57,58,59,60,61,62,63,64,65,66,67,68,69,70,71,72,73,74,75,76,77,78,79,80,81,82,83,84,85,86,87,88,89,90,91,92,93,94,95,96,97,98,99,100,101,102,103,104,105,106,
new_param = .true.,
new_mpi = .true.,
check_adjoints = .true.,
check_pos_def = .false.,
check_mpi = .true.,
check_dirac = .true.,
ndir = 3,
dirlon = -1.2,147.0,-79.8,
dirlat = -31.7,10.7,21.7,
/

&sampling_param
sam_default_seed = .true.,
mask_check = .false,
ntry = 30,
nrep = 20,
logpres = .true.,
/

&nicas_param
lsqrt = .false.,
Lbh_file = "",
Lbh = 4500000.0,4254545.0,4009091.0,3763636.0,3518182.0,3272727.0,3027273.0,2781818.0,2536364.0,2290909.0,2045455.0,1800000.0,1728077.0,1656154.0,1584231.0,1512308.0,1440385.0,1368462.0,1296538.0,1224615.0,1152692.0,1080769.0,1008846.0,936923.0,865000.0,970000.0,1075000.0,1180000.0,1285000.0,1390000.0,1338750.0,1287500.0,1236250.0,1185000.0,1133750.0,1082500.0,1031250.0,980000.0,928750.0,877500.0,826250.0,775000.0,770635.0,766270.0,761905.0,757540.0,753175.0,748810.0,744444.0,740079.0,735714.0,731349.0,726984.0,722619.0,718254.0,713889.0,709524.0,705159.0,700794.0,696429.0,692063.0,687698.0,683333.0,678968.0,674603.0,670238.0,665873.0,661508.0,657143.0,652778.0,648413.0,644048.0,639683.0,635317.0,630952.0,626587.0,622222.0,617857.0,613492.0,609127.0,604762.0,600397.0,596032.0,591667.0,587302.0,582937.0,578571.0,574206.0,569841.0,565476.0,561111.0,556746.0,552381.0,548016.0,543651.0,539286.0,534921.0,530556.0,526190.0,521825.0,517460.0,513095.0,508730.0,504365.0,500000.0,500000.0,
Lbv_file = "",
Lbv = 1.0,1.0,1.0,1.0,1.0,1.0,1.0,1.0,1.0,1.0,1.0,1.0,1.0,1.0,1.0,1.0,1.0,1.0,1.0,1.0,1.0,1.0,1.0,1.0,1.0,1.0,1.0,1.0,1.0,1.0,1.0,1.0,1.0,1.0,1.0,1.0,1.0,1.0,1.0,1.0,1.0,1.0,1.0,1.0,1.0,1.0,1.0,1.0,1.0,1.0,1.0,1.0,1.0,1.0,1.0,1.0,1.0,1.0,1.0,1.0,1.0,1.0,1.0,1.0,1.0,1.0,1.0,1.0,1.0,1.0,1.0,1.0,1.0,1.0,1.0,1.0,1.0,1.0,1.0,1.0,1.0,1.0,1.0,1.0,1.0,1.0,1.0,1.0,1.0,1.0,1.0,1.0,1.0,1.0,1.0,1.0,1.0,1.0,1.0,1.0,1.0,1.0,1.0,1.0,1.0,1.0,
resol = _RESOL_.0,
network = .false.,
nproc = _NPROC_,
mpicom = _MPICOM_,
/

